0.517481 5.32174e-19
0.548892 3.65339e-17
0.581228 4.42606e-16
0.61449 2.68315e-15
0.648677 1.11631e-14
0.683789 3.63815e-14
0.719827 1.00387e-13
0.75679 2.50092e-13
0.794679 5.65437e-13
0.833493 1.20631e-12
0.873232 2.39903e-12
0.913897 4.52304e-12
0.955488 8.50148e-12
0.998004 1.53521e-11
1.04144 2.66248e-11
1.08581 4.50258e-11
1.1311 7.54463e-11
1.17732 1.228e-10
1.22446 1.9555e-10
1.27253 3.08651e-10
1.32153 4.67594e-10
1.37145 6.97924e-10
1.42229 1.0056e-09
1.47406 1.40831e-09
1.52676 1.93861e-09
1.58038 2.57412e-09
1.63492 3.35115e-09
1.69039 4.20226e-09
1.74679 5.19776e-09
1.80411 6.33798e-09
1.86236 7.51701e-09
1.92154 8.81884e-09
1.98163 1.01619e-08
2.04266 1.15768e-08
2.10461 1.30011e-08
2.16748 1.46124e-08
2.23128 1.60613e-08
2.29601 1.77236e-08
2.36166 1.9435e-08
2.42824 2.10646e-08
2.49574 2.25605e-08
2.56417 2.42542e-08
2.63352 2.57865e-08
2.7038 2.73243e-08
2.775 2.88591e-08
2.84713 3.05222e-08
2.92019 3.19076e-08
2.99417 3.34106e-08
3.06907 3.43959e-08
3.14491 3.5854e-08
3.22166 3.70752e-08
3.29934 3.82942e-08
3.37795 3.92094e-08
3.45748 4.02921e-08
3.53794 4.11557e-08
3.61933 4.14557e-08
3.70164 4.28965e-08
3.78487 4.33181e-08
3.86903 4.34933e-08
3.95411 4.42437e-08
4.04013 4.43618e-08
4.12706 4.44317e-08
4.21492 4.43614e-08
4.30371 4.43243e-08
4.39342 4.40511e-08
4.48406 4.43665e-08
4.57562 4.3768e-08
4.66811 4.31605e-08
4.76153 4.29313e-08
4.85587 4.24643e-08
4.95113 4.15559e-08
5.04732 4.07685e-08
5.14444 4.00148e-08
5.24248 3.93155e-08
5.34145 3.84927e-08
5.44134 3.74351e-08
5.54216 3.62878e-08
5.6439 3.5823e-08
5.74657 3.43522e-08
5.85016 3.32971e-08
5.95468 3.28972e-08
6.06012 3.15524e-08
6.16649 3.06258e-08
6.27379 2.96707e-08
6.38201 2.87462e-08
6.49116 2.7647e-08
6.60123 2.68894e-08
6.71223 2.61608e-08
6.82415 2.51219e-08
6.937 2.43676e-08
7.05077 2.3571e-08
7.16547 2.26131e-08
7.28109 2.19141e-08
7.39764 2.10757e-08
7.51512 2.03904e-08
7.63352 1.97794e-08
7.75285 1.90863e-08
7.8731 1.83666e-08
7.99427 1.76942e-08
8.11638 1.71438e-08
8.2394 1.65766e-08
8.36336 1.62055e-08
8.48824 1.54398e-08
8.61404 1.49635e-08
8.74077 1.43857e-08
8.86842 1.38857e-08
8.997 1.35153e-08
9.12651 1.30562e-08
9.25694 1.25294e-08
9.3883 1.20871e-08
9.52058 1.17332e-08
9.65379 1.1441e-08
9.78792 1.09365e-08
9.92298 1.06367e-08
10.059 1.01547e-08
10.1959 9.9135e-09
10.3337 9.62268e-09
10.4725 9.14454e-09
10.6122 8.9521e-09
10.7528 8.73404e-09
10.8943 8.46164e-09
11.0368 8.11584e-09
11.1801 7.85177e-09
11.3245 7.66578e-09
11.4697 7.38382e-09
11.6159 7.16292e-09
11.7629 6.97576e-09
11.911 6.69794e-09
12.0599 6.51744e-09
12.2098 6.36185e-09
12.3606 6.14605e-09
12.5123 5.94591e-09
12.6649 5.80289e-09
12.8185 5.62193e-09
12.973 5.42058e-09
13.1284 5.27877e-09
13.2847 5.07021e-09
13.442 5.02056e-09
13.6002 4.85801e-09
13.7593 4.69848e-09
13.9194 4.57613e-09
14.0803 4.43534e-09
14.2422 4.29394e-09
14.405 4.2114e-09
14.5688 4.05944e-09
14.7335 3.97524e-09
14.8991 3.8175e-09
15.0656 3.70332e-09
15.233 3.6539e-09
15.4014 3.51994e-09
15.5707 3.49483e-09
15.7409 3.42769e-09
15.9121 3.27939e-09
16.0842 3.17781e-09
16.2572 3.10591e-09
16.4311 3.0451e-09
16.6059 2.91456e-09
16.7817 2.83225e-09
16.9584 2.77688e-09
17.136 2.7203e-09
17.3146 2.64636e-09
17.4941 2.56612e-09
17.6745 2.48089e-09
17.8558 2.48698e-09
18.0381 2.35855e-09
18.2212 2.34096e-09
18.4053 2.2801e-09
18.5904 2.26127e-09
18.7763 2.17056e-09
18.9632 2.12182e-09
19.151 2.06036e-09
19.3398 2.01738e-09
19.5294 1.95422e-09
19.72 1.89808e-09
19.9115 1.88337e-09
20.1039 1.83552e-09
20.2973 1.8169e-09
20.4916 1.74985e-09
20.6868 1.73481e-09
20.8829 1.68894e-09
21.08 1.6252e-09
21.278 1.65547e-09
21.4769 1.53684e-09
21.6767 1.54168e-09
21.8775 1.47631e-09
22.0792 1.47846e-09
22.2818 1.44308e-09
22.4853 1.39866e-09
22.6898 1.40202e-09
22.8952 1.33629e-09
23.1015 1.30909e-09
23.3088 1.30462e-09
23.5169 1.23857e-09
23.726 1.2297e-09
23.936 1.20581e-09
24.147 1.13278e-09
24.3588 1.1375e-09
24.5716 1.12778e-09
24.7854 1.11951e-09
25 1.08535e-09
