0.188811 -nan
0.202803 -nan
0.217295 -nan
0.232287 -nan
0.24778 -nan
0.263773 -nan
0.280265 -nan
0.297258 -nan
0.314751 1.13468e-18
0.332744 6.16988e-15
0.351237 9.98715e-14
0.37023 5.55498e-13
0.389723 1.9368e-12
0.409717 5.20304e-12
0.43021 1.18348e-11
0.451204 2.38764e-11
0.472697 4.4504e-11
0.494691 7.73846e-11
0.517185 1.28549e-10
0.540179 2.02923e-10
0.563673 3.14592e-10
0.587667 4.67762e-10
0.612161 6.9463e-10
0.637155 1.00497e-09
0.66265 1.42436e-09
0.688644 2.00162e-09
0.715139 2.79647e-09
0.742133 3.84007e-09
0.769628 5.28325e-09
0.797623 7.16924e-09
0.826118 9.72245e-09
0.855113 1.30281e-08
0.884608 1.72971e-08
0.914603 2.33285e-08
0.945099 3.09416e-08
0.976094 4.13373e-08
1.00759 5.48748e-08
1.03959 7.27926e-08
1.07208 9.63692e-08
1.10508 1.27529e-07
1.13857 1.67023e-07
1.17257 2.17784e-07
1.20706 2.81074e-07
1.24206 3.60075e-07
1.27756 4.46566e-07
1.31355 5.48484e-07
1.35005 6.66257e-07
1.38705 7.90951e-07
1.42454 9.05913e-07
1.46254 1.03252e-06
1.50104 1.15378e-06
1.54003 1.25931e-06
1.57953 1.35825e-06
1.61953 1.43534e-06
1.66003 1.49663e-06
1.70102 1.53031e-06
1.74252 1.57536e-06
1.78452 1.60116e-06
1.82702 1.60132e-06
1.87001 1.59504e-06
1.91351 1.57481e-06
1.95751 1.56751e-06
2.00201 1.54999e-06
2.047 1.52217e-06
2.0925 1.51294e-06
2.1385 1.4808e-06
2.185 1.45419e-06
2.232 1.42483e-06
2.2795 1.39534e-06
2.3275 1.35925e-06
2.37599 1.33825e-06
2.42499 1.30405e-06
2.47449 1.2729e-06
2.52449 1.24494e-06
2.57499 1.2169e-06
2.62599 1.18128e-06
2.67749 1.15745e-06
2.72949 1.12812e-06
2.78199 1.09128e-06
2.83499 1.0644e-06
2.88849 1.03912e-06
2.94249 1.0103e-06
2.99699 9.89486e-07
3.05199 9.54114e-07
3.10749 9.33158e-07
3.16349 8.98872e-07
3.21999 8.79003e-07
3.27699 8.42681e-07
3.33449 8.18039e-07
3.39249 7.91349e-07
3.45099 7.65665e-07
3.50999 7.4253e-07
3.56949 7.16617e-07
3.62949 6.91271e-07
3.68999 6.70853e-07
3.75099 6.53127e-07
3.8125 6.31237e-07
3.8745 6.10193e-07
3.937 5.87e-07
4 5.66981e-07
