0.082797 0.000261408
0.0878227 0.000706967
0.0929965 0.00124561
0.0983183 0.00184458
0.103788 0.0024865
0.109406 0.00316133
0.115172 0.00386321
0.121086 0.00458895
0.127149 0.0053372
0.133359 0.00610792
0.139717 0.00690208
0.146224 0.00772146
0.152878 0.0085685
0.159681 0.00944627
0.166631 0.0103584
0.17373 0.0113092
0.180977 0.0123034
0.188371 0.0133464
0.195914 0.0144444
0.203605 0.0156044
0.211444 0.016834
0.219431 0.018142
0.227566 0.0195384
0.23585 0.0210343
0.244281 0.0226426
0.25286 0.0243778
0.261588 0.0262566
0.270463 0.0282981
0.279487 0.0305244
0.288658 0.0329611
0.297978 0.0356377
0.307446 0.0385889
0.317062 0.0418551
0.326825 0.0454837
0.336737 0.0495304
0.346797 0.0540611
0.357006 0.0591536
0.367362 0.0649001
0.377866 0.0714097
0.388518 0.0788116
0.399319 0.0872582
0.410267 0.0969282
0.421364 0.108028
0.432608 0.120794
0.444001 0.135486
0.455541 0.152373
0.46723 0.171713
0.479067 0.193695
0.491052 0.218364
0.503185 0.245485
0.515466 0.27438
0.527895 0.303739
0.540472 0.331508
0.553197 0.354981
0.566071 0.371231
0.579092 0.377865
0.592262 0.373829
0.605579 0.359806
0.619045 0.337948
0.632658 0.311134
0.64642 0.282164
0.66033 0.253251
0.674388 0.225862
0.688594 0.200802
0.702948 0.17839
0.71745 0.158634
0.7321 0.141371
0.746898 0.126357
0.761844 0.113323
0.776939 0.102009
0.792181 0.092174
0.807572 0.0836068
0.82311 0.0761236
0.838797 0.0695673
0.854631 0.0638045
0.870614 0.0587225
0.886745 0.0542261
0.903024 0.050235
0.919451 0.0466815
0.936026 0.0435079
0.952749 0.0406657
0.96962 0.0381134
0.986639 0.0358155
1.00381 0.0337418
1.02112 0.0318664
1.03859 0.0301668
1.0562 0.0286238
1.07396 0.0272207
1.09186 0.0259428
1.10992 0.0247776
1.12812 0.0237141
1.14648 0.0227424
1.16498 0.0218542
1.18362 0.0210419
1.20242 0.020299
1.22136 0.0196195
1.24046 0.0189984
1.2597 0.0184308
1.27908 0.0179126
1.29862 0.01744
1.3183 0.0170096
1.33814 0.016618
1.35812 0.0162623
1.37825 0.0159394
1.39852 0.0156464
1.41895 0.0153802
1.43952 0.0151376
1.46024 0.0149151
1.48111 0.0147086
1.50213 0.0145138
1.52329 0.0143251
1.54461 0.0141364
1.56607 0.0139403
1.58768 0.0137283
1.60943 0.0134907
1.63134 0.0132168
1.65339 0.0128952
1.67559 0.0125145
1.69794 0.0120646
1.72044 0.0115379
1.74309 0.010931
1.76588 0.0102462
1.78882 0.00949205
1.81191 0.00868411
1.83515 0.00784311
1.85854 0.00699299
1.88207 0.00615806
1.90575 0.00536023
1.92958 0.00461695
1.95356 0.00394014
1.97769 0.00333613
2.00196 0.00280635
2.02639 0.00234844
2.05096 0.00195747
2.07568 0.001627
2.10054 0.00134997
2.12556 0.0011193
2.15072 0.000928279
2.17603 0.000770823
2.20149 0.000641536
2.2271 0.000535737
2.25285 0.000449429
2.27876 0.000379232
2.30481 0.000322313
2.33101 0.00027631
2.35735 0.000239264
2.38385 0.000209557
2.41049 0.00018585
2.43729 0.000167044
2.46423 0.000152232
2.49131 0.000140669
2.51855 0.000131743
2.54593 0.000124951
2.57346 0.000119881
2.60115 0.000116192
2.62897 0.000113608
2.65695 0.000111899
2.68507 0.00011088
2.71335 0.000110396
2.74177 0.000110323
2.77034 0.000110559
2.79905 0.00011102
2.82792 0.00011164
2.85693 0.000112364
2.88609 0.000113148
2.9154 0.000113957
2.94486 0.000114763
2.97446 0.000115545
3.00421 0.000116286
3.03411 0.000116972
3.06416 0.000117595
3.09436 0.000118147
3.12471 0.000118624
3.1552 0.000119022
3.18584 0.000119341
3.21663 0.00011958
3.24757 0.00011974
3.27865 0.000119823
3.30989 0.000119829
3.34127 0.000119762
3.3728 0.000119625
3.40448 0.00011942
3.4363 0.00011915
3.46828 0.000118818
3.5004 0.000118429
3.53267 0.000117985
3.56509 0.000117489
3.59765 0.000116945
3.63037 0.000116356
3.66323 0.000115724
3.69624 0.000115053
3.7294 0.000114346
3.76271 0.000113606
3.79616 0.000112834
3.82976 0.000112034
3.86352 0.000111208
3.89741 0.000110358
3.93146 0.000109486
3.96566 0.000108595
4 0.000107687
