0.186293 1.74184e-09
0.197601 1.36853e-08
0.209242 4.53493e-08
0.221216 1.06356e-07
0.233524 2.06232e-07
0.246164 3.54331e-07
0.259138 5.61294e-07
0.272444 8.35664e-07
0.286084 1.1969e-06
0.300057 1.65233e-06
0.314364 2.23351e-06
0.329003 2.92479e-06
0.343976 3.77455e-06
0.359281 4.79674e-06
0.37492 6.06245e-06
0.390892 7.53373e-06
0.407197 9.33457e-06
0.423836 1.15008e-05
0.440807 1.39367e-05
0.458112 1.70773e-05
0.475749 2.05878e-05
0.49372 2.47833e-05
0.512024 2.9941e-05
0.530662 3.62737e-05
0.549632 4.35315e-05
0.568936 5.25448e-05
0.588572 6.35924e-05
0.608542 7.69227e-05
0.628845 9.36473e-05
0.649481 0.000112996
0.67045 0.00013803
0.691753 0.000169333
0.713389 0.00020819
0.735357 0.000257022
0.757659 0.000316119
0.780294 0.000390529
0.803262 0.000480568
0.826564 0.000584422
0.850198 0.00070247
0.874166 0.000832379
0.898467 0.000964349
0.923101 0.00112609
0.948068 0.00128348
0.973368 0.00144482
0.999002 0.00161426
1.02497 0.00179227
1.05127 0.00196336
1.0779 0.00216248
1.10487 0.00235299
1.13217 0.0025417
1.1598 0.00274113
1.18776 0.00291279
1.21606 0.00309513
1.24469 0.00329836
1.27366 0.00348823
1.30296 0.0036188
1.33259 0.00375257
1.36255 0.0038644
1.39285 0.00389366
1.42348 0.00389735
1.45445 0.00392864
1.48574 0.00386905
1.51737 0.00379649
1.54934 0.00366552
1.58163 0.00353672
1.61426 0.00338661
1.64722 0.00324002
1.68052 0.00302947
1.71415 0.00287271
1.74811 0.00269078
1.78241 0.00251503
1.81704 0.00233343
1.852 0.00216354
1.88729 0.00201288
1.92292 0.00185328
1.95888 0.00171898
1.99518 0.00158747
2.0318 0.0014657
2.06876 0.00136047
2.10606 0.0012595
2.14368 0.00116948
2.18164 0.00109015
2.21994 0.00100579
2.25856 0.000937297
2.29752 0.000869522
2.33682 0.000809081
2.37644 0.000752914
2.4164 0.000702412
2.45669 0.000655299
2.49732 0.000613941
2.53828 0.000574533
2.57957 0.000538199
2.62119 0.000500721
2.66315 0.000471937
2.70544 0.0004453
2.74807 0.000414506
2.79102 0.000391561
2.83431 0.000368524
2.87794 0.000347723
2.9219 0.00032587
2.96619 0.000310479
3.01081 0.000292079
3.05576 0.000275915
3.10105 0.000261105
3.14668 0.000246994
3.19263 0.000233707
3.23892 0.000221149
3.28554 0.000211454
3.3325 0.000200158
3.37979 0.000189864
3.42741 0.000180411
3.47536 0.000171569
3.52365 0.000163831
3.57227 0.000155364
3.62123 0.000148332
3.67051 0.000141769
3.72013 0.000134504
3.77009 0.000128746
3.82037 0.000122909
3.87099 0.000117088
3.92195 0.000112973
3.97323 0.000107948
4.02485 0.000102859
4.07681 9.88903e-05
4.12909 9.46021e-05
4.18171 9.08187e-05
4.23466 8.68765e-05
4.28795 8.30741e-05
4.34156 8.01632e-05
4.39552 7.71513e-05
4.4498 7.36463e-05
4.50442 7.06915e-05
4.55937 6.8215e-05
4.61465 6.57168e-05
4.67027 6.30083e-05
4.72622 6.08335e-05
4.7825 5.88102e-05
4.83912 5.62783e-05
4.89607 5.40229e-05
4.95335 5.21341e-05
5.01097 5.04961e-05
5.06892 4.86228e-05
5.1272 4.68246e-05
5.18582 4.52768e-05
5.24477 4.3893e-05
5.30405 4.20766e-05
5.36366 4.08558e-05
5.42361 3.91294e-05
5.48389 3.78554e-05
5.54451 3.70101e-05
5.60545 3.56252e-05
5.66674 3.45036e-05
5.72835 3.33746e-05
5.7903 3.24272e-05
5.85258 3.13568e-05
5.91519 3.02037e-05
5.97814 2.92277e-05
6.04142 2.83572e-05
6.10503 2.7645e-05
6.16897 2.65946e-05
6.23325 2.5804e-05
6.29787 2.52577e-05
6.36281 2.44694e-05
6.42809 2.3662e-05
6.4937 2.31379e-05
6.55965 2.23532e-05
6.62593 2.17174e-05
6.69254 2.12748e-05
6.75948 2.03622e-05
6.82676 2.01159e-05
6.89437 1.94143e-05
6.96231 1.88809e-05
7.03059 1.8289e-05
7.0992 1.7751e-05
7.16814 1.73254e-05
7.23742 1.69221e-05
7.30703 1.64601e-05
7.37697 1.6087e-05
7.44725 1.56059e-05
7.51786 1.52167e-05
7.5888 1.46812e-05
7.66007 1.42798e-05
7.73168 1.40245e-05
7.80362 1.3604e-05
7.8759 1.33904e-05
7.94851 1.28427e-05
8.02145 1.26921e-05
8.09472 1.233e-05
8.16833 1.19429e-05
8.24227 1.17913e-05
8.31654 1.15062e-05
8.39115 1.11265e-05
8.46609 1.0867e-05
8.54136 1.05755e-05
8.61697 1.03364e-05
8.69291 1.01109e-05
8.76918 9.91976e-06
8.84579 9.62919e-06
8.92273 9.41589e-06
9 9.15183e-06
