0.331188 4.38739e-15
0.351291 1.00586e-13
0.371986 6.37215e-13
0.393273 2.34048e-12
0.415153 6.56222e-12
0.437625 1.53121e-11
0.460689 3.17366e-11
0.484346 6.04226e-11
0.508594 1.06671e-10
0.533435 1.7891e-10
0.558869 2.88091e-10
0.584894 4.51972e-10
0.611512 6.89951e-10
0.638722 1.02999e-09
0.666525 1.50439e-09
0.694919 2.1672e-09
0.723906 3.09914e-09
0.753486 4.36121e-09
0.783657 6.14603e-09
0.814421 8.59569e-09
0.845777 1.18289e-08
0.877725 1.62641e-08
0.910266 2.18959e-08
0.943399 3.06711e-08
0.977124 4.17269e-08
1.01144 5.66124e-08
1.04635 7.69416e-08
1.08185 1.04863e-07
1.11795 1.42287e-07
1.15463 1.90204e-07
1.19191 2.52521e-07
1.22978 3.29098e-07
1.26825 4.22126e-07
1.3073 5.33089e-07
1.34695 6.52964e-07
1.38719 7.86913e-07
1.42802 9.25719e-07
1.46945 1.05847e-06
1.51146 1.18954e-06
1.55407 1.30076e-06
1.59727 1.39721e-06
1.64107 1.47607e-06
1.68545 1.52142e-06
1.73043 1.57259e-06
1.776 1.58475e-06
1.82217 1.59844e-06
1.86892 1.60027e-06
1.91627 1.58656e-06
1.96421 1.57358e-06
2.01274 1.55089e-06
2.06186 1.51687e-06
2.11158 1.48949e-06
2.16189 1.46471e-06
2.21279 1.42782e-06
2.26428 1.39117e-06
2.31637 1.3629e-06
2.36905 1.33445e-06
2.42232 1.30989e-06
2.47618 1.26428e-06
2.53063 1.24204e-06
2.58568 1.20475e-06
2.64132 1.17522e-06
2.69755 1.14507e-06
2.75437 1.11676e-06
2.81179 1.08031e-06
2.8698 1.0527e-06
2.9284 1.01887e-06
2.98759 9.95821e-07
3.04738 9.5428e-07
3.10775 9.26874e-07
3.16872 8.96316e-07
3.23029 8.63061e-07
3.29244 8.37784e-07
3.35519 8.15502e-07
3.41853 7.81947e-07
3.48246 7.55854e-07
3.54698 7.28902e-07
3.6121 7.02648e-07
3.6778 6.76257e-07
3.7441 6.59589e-07
3.811 6.3149e-07
3.87848 6.06891e-07
3.94656 5.86179e-07
4.01523 5.6457e-07
4.08449 5.42418e-07
4.15434 5.22371e-07
4.22479 5.05428e-07
4.29582 4.88904e-07
4.36746 4.72024e-07
4.43968 4.51959e-07
4.51249 4.3742e-07
4.5859 4.23467e-07
4.6599 4.03658e-07
4.73449 3.89578e-07
4.80968 3.72917e-07
4.88545 3.62487e-07
4.96182 3.48201e-07
5.03878 3.37752e-07
5.11634 3.2505e-07
5.19448 3.14486e-07
5.27322 3.04066e-07
5.35255 2.93509e-07
5.43247 2.82398e-07
5.51299 2.73406e-07
5.59409 2.62896e-07
5.67579 2.52306e-07
5.75808 2.45277e-07
5.84097 2.37087e-07
5.92444 2.2848e-07
6.00851 2.19776e-07
6.09317 2.13249e-07
6.17842 2.06751e-07
6.26427 1.99133e-07
6.35071 1.91923e-07
6.43774 1.87222e-07
6.52536 1.7994e-07
6.61357 1.75368e-07
6.70238 1.68239e-07
6.79178 1.63634e-07
6.88177 1.56895e-07
6.97235 1.53144e-07
7.06353 1.48566e-07
7.15529 1.43558e-07
7.24765 1.38301e-07
7.34061 1.3474e-07
7.43415 1.2947e-07
7.52829 1.27103e-07
7.62302 1.23265e-07
7.71834 1.18844e-07
7.81425 1.1608e-07
7.91076 1.12111e-07
8.00786 1.09411e-07
8.10555 1.05755e-07
8.20383 1.03486e-07
8.3027 1.00034e-07
8.40217 9.72219e-08
8.50223 9.44095e-08
8.60288 9.19644e-08
8.70413 8.87349e-08
8.80596 8.64068e-08
8.90839 8.45628e-08
9.01141 8.17949e-08
9.11503 8.02625e-08
9.21923 7.77131e-08
9.32403 7.63789e-08
9.42942 7.36959e-08
9.5354 7.12034e-08
9.64198 6.99176e-08
9.74914 6.80497e-08
9.8569 6.56714e-08
9.96525 6.46697e-08
10.0742 6.32197e-08
10.1837 6.07614e-08
10.2939 5.95925e-08
10.4046 5.76517e-08
10.5159 5.59801e-08
10.6278 5.49343e-08
10.7403 5.32707e-08
10.8534 5.22284e-08
10.9671 5.20945e-08
11.0813 4.9609e-08
11.1962 4.86512e-08
11.3117 4.77606e-08
11.4277 4.61618e-08
11.5444 4.52874e-08
11.6616 4.44284e-08
11.7794 4.35833e-08
11.8978 4.28027e-08
12.0169 4.11918e-08
12.1365 4.01587e-08
12.2567 3.91722e-08
12.3774 3.83828e-08
12.4988 3.7696e-08
12.6208 3.662e-08
12.7434 3.62493e-08
12.8665 3.53272e-08
12.9903 3.46017e-08
13.1146 3.35093e-08
13.2396 3.27916e-08
13.3651 3.22004e-08
13.4912 3.10936e-08
13.6179 3.08036e-08
13.7452 3.04861e-08
13.8731 2.96086e-08
14.0016 2.87999e-08
14.1307 2.83272e-08
14.2604 2.77528e-08
14.3906 2.68026e-08
14.5215 2.63479e-08
14.6529 2.6447e-08
14.785 2.53488e-08
14.9176 2.51542e-08
15.0508 2.43687e-08
15.1846 2.4489e-08
15.3191 2.35984e-08
15.4541 2.29706e-08
15.5897 2.27475e-08
15.7258 2.19702e-08
15.8626 2.15851e-08
16 2.14102e-08
